0 0 0
1 0 0
2 0 0
3 0 0
4 0 0
5 0 0
6 0 0
7 0 0
8 0 0
9 0 0
10 0 0
11 0 0
12 0 0
13 0 0
14 0 0
15 0 0
16 0 0
17 0 0
18 0 0
19 0 0
20 0 0
21 0 0
22 0 0
23 0 0
24 0 0
25 0 0
26 0 0
27 0 0
28 0 0
29 0 0
30 0 0
31 0 0
32 0 0
33 0 0
34 0 0
35 0 0
36 0 0
37 0 0
38 0 0
39 0 0
40 0 0
41 0 0
42 0 0
43 0 0
44 0 0
45 0 0
46 0 0
47 0 0
48 0 0
49 0 1
50 0 1
51 0 1
52 0 1
53 0 1
54 0 1
55 0 1
56 0 1
57 0 1
58 0 0
59 0 0
60 0 0
61 0 0
62 0 1
63 0 1
64 0 1
65 0 0
66 0 0
67 0 0
68 0 0
69 0 1
70 0 1
71 0 1
72 0 1
73 0 1
74 0 1
75 0 1
76 0 1
77 0 1
78 0 1
79 0 1
80 0 1
81 0 1
82 0 1
83 0 1
84 0 1
85 0 1
86 0 1
87 0 1
88 0 1
89 0 1
90 0 1
91 0 1
92 0 1
93 0 1
94 0 1
95 0 1
96 0 1
97 0 1
98 0 1
99 0 1
100 0 1
101 0 1
102 0 1
103 0 1
104 0 1
105 0 1
106 0 1
107 0 1
108 0 1
109 0 1
110 0 1
111 0 1
112 0 5
113 0 5
114 0 5
115 0 5
116 0 5
117 0 5
118 0 5
119 0 4
120 0 0
121 0 0
122 0 0
123 0 0
124 0 0
125 0 0
126 0 0
127 0 0
128 0 0
129 0 0
130 0 0
131 0 0
132 0 0
133 0 0
134 0 0
135 0 0
136 0 0
137 0 0
138 0 0
139 0 0
140 0 0
141 0 0
142 0 0
143 0 0
144 0 0
145 0 0
146 0 0
147 0 16
148 0 16
149 0 16
150 0 16
151 0 16
152 0 16
153 0 0
154 0 0
155 0 0
156 0 0
157 0 0
158 0 0
159 0 0
160 0 0
161 0 0
162 0 0
163 0 2
164 0 2
165 0 2
166 0 6
167 0 6
168 0 6
169 0 6
170 0 6
171 0 6
172 0 6
173 0 6
174 0 6
175 0 6
176 0 6
177 0 6
178 0 6
179 0 6
180 0 6
181 0 2
182 0 2
183 0 2
184 0 0
185 0 0
186 0 0
187 0 0
188 0 0
189 0 0
190 0 0
191 0 0
192 0 2
193 0 2
194 0 2
195 0 2
196 0 2
197 0 2
198 0 2
199 0 2
200 0 2
201 0 0
202 0 0
203 0 0
204 0 0
205 0 0
206 0 0
207 0 0
208 0 0
209 0 0
210 0 0
211 0 0
212 0 0
213 0 0
214 0 0
215 0 0
216 0 0
217 0 0
218 0 1
219 0 1
220 0 1
221 0 1
222 0 1
223 0 5
224 0 5
225 0 5
226 0 5
227 0 5
228 0 5
229 0 4
230 0 0
231 0 0
232 0 0
233 0 0
234 0 0
235 0 0
236 0 0
237 0 0
238 0 0
239 0 0
240 0 0
241 0 0
242 0 0
243 0 0
244 0 0
245 0 0
246 0 0
247 0 0
248 0 0
249 0 0
250 0 0
251 0 0
252 0 0
253 0 0
254 0 16
255 0 16
256 0 16
257 0 16
258 0 16
259 0 16
260 0 16
261 0 0
262 0 0
263 0 0
264 0 0
265 0 0
266 0 0
267 0 0
268 0 0
269 0 0
270 0 2
271 0 2
272 0 2
273 0 2
274 0 6
275 0 6
276 0 6
277 0 6
278 0 6
279 0 6
280 0 6
281 0 6
282 0 6
283 0 6
284 0 0
285 0 0
286 0 0
287 0 0
288 0 0
289 0 0
290 0 0
291 0 0
292 0 0
293 0 0
294 0 0
295 0 0
296 0 0
297 0 0
298 0 0
299 0 2
300 0 2
301 0 2
302 0 2
303 0 6
304 0 6
305 0 6
306 0 6
307 0 6
308 0 6
309 0 0
310 0 0
311 0 0
312 0 0
313 0 0
314 0 0
315 0 0
316 0 0
317 0 0
318 0 0
319 0 0
320 0 0
321 0 0
322 0 0
323 0 0
324 0 0
325 0 0
326 0 0
327 0 1
328 0 1
329 0 5
330 0 5
331 0 5
332 0 5
333 0 5
334 0 5
335 0 5
336 0 1
337 0 0
338 0 0
339 0 0
340 0 0
341 0 0
342 0 0
343 0 0
344 0 0
345 0 0
346 0 0
347 0 0
348 0 0
349 0 0
350 0 0
351 0 0
352 0 0
353 0 0
354 0 0
355 0 0
356 0 0
357 0 0
358 0 0
359 0 0
360 0 0
361 0 0
362 0 0
363 0 16
364 0 16
365 0 16
366 0 16
367 0 16
368 0 16
369 0 0
370 0 0
371 0 0
372 0 0
373 0 2
374 0 2
375 0 2
376 0 2
377 0 2
378 0 2
379 0 2
380 0 6
381 0 6
382 0 6
383 0 6
384 0 6
385 0 6
386 0 6
387 0 6
388 0 6
389 0 6
390 0 6
391 0 2
392 0 2
393 0 2
394 0 0
395 0 0
396 0 2
397 0 2
398 0 6
399 0 6
400 0 6
401 0 6
402 0 6
403 0 6
404 0 6
405 0 6
406 0 6
407 0 6
408 0 6
409 0 6
410 0 6
411 0 6
412 0 6
413 0 6
414 0 2
415 0 2
416 0 2
417 0 2
418 0 2
419 0 2
420 0 2
421 0 2
422 0 0
423 0 0
424 0 0
425 0 0
426 0 0
427 0 0
428 0 0
429 0 0
430 0 0
431 0 2
432 0 2
433 0 2
434 0 2
435 0 2
436 0 2
437 0 6
438 0 6
439 0 6
440 0 0
441 0 0
442 0 6
443 0 6
444 0 6
445 0 0
446 0 0
447 0 0
448 0 0
449 0 0
450 0 0
451 0 0
452 0 0
453 0 0
454 0 0
455 0 0
456 0 0
457 0 0
458 0 0
459 0 0
460 0 0
461 0 0
462 0 0
463 0 0
464 0 0
465 0 0
466 0 0
467 0 0
468 0 0
469 0 0
470 0 0
471 0 0
472 0 1
473 0 1
474 0 1
475 0 1
476 0 1
477 0 1
478 0 1
479 0 1
480 0 1
481 0 1
482 0 1
483 0 1
484 0 1
485 0 1
486 0 1
487 0 1
488 0 1
489 0 1
490 0 1
491 0 1
492 0 1
493 0 1
494 0 1
495 0 1
496 0 1
497 0 1
498 0 1
499 0 5
500 0 5
501 0 5
502 0 5
503 0 5
504 0 5
505 0 5
506 0 5
507 0 1
508 0 1
509 0 0
510 0 0
511 0 0
512 0 0
513 0 0
514 0 0
515 0 0
516 0 0
517 0 0
518 0 0
519 0 0
520 0 0
521 0 0
522 0 0
523 0 0
524 0 0
525 0 0
526 0 0
527 0 0
528 0 0
529 0 0
530 0 0
531 0 0
532 0 0
533 0 16
534 0 16
535 0 16
536 0 16
537 0 0
538 0 0
539 0 0
540 0 0
541 0 0
542 0 0
543 0 0
544 0 0
545 0 0
546 0 0
547 0 0
548 0 0
549 0 0
550 0 0
551 0 0
552 0 0
553 0 0
554 0 0
555 0 0
556 0 0
557 0 0
558 0 0
559 0 0
560 0 0
561 0 2
562 0 2
563 0 2
564 0 2
565 0 2
566 0 6
567 0 6
568 0 6
569 0 6
570 0 6
571 0 6
572 0 6
573 0 6
574 0 6
575 0 6
576 0 2
577 0 0
578 0 0
579 0 0
580 0 0
581 0 0
582 0 0
583 0 0
584 0 0
585 0 0
586 0 0
587 0 0
588 0 0
589 0 0
590 0 0
591 0 0
592 0 0
593 0 0
594 0 0
595 0 0
596 0 0
597 0 0
598 0 0
599 0 0
600 0 0
601 0 0
602 0 0
603 0 0
604 0 0
605 0 0
606 0 0
607 0 0
608 0 1
609 0 1
610 0 1
611 0 1
612 0 1
613 0 1
614 0 1
615 0 5
616 0 5
617 0 5
618 0 5
619 0 5
620 0 5
621 0 5
622 0 1
623 0 0
624 0 0
625 0 0
626 0 0
627 0 0
628 0 0
629 0 0
630 0 0
631 0 0
632 0 0
633 0 0
634 0 0
635 0 0
636 0 0
637 0 0
638 0 0
639 0 0
640 0 0
641 0 0
642 0 0
643 0 0
644 0 16
645 0 16
646 0 16
647 0 16
648 0 16
649 0 16
650 0 16
651 0 0
652 0 0
653 0 0
654 0 0
655 0 0
656 0 0
657 0 0
658 0 0
659 0 0
660 0 0
661 0 2
662 0 2
663 0 2
664 0 6
665 0 6
666 0 6
667 0 6
668 0 6
669 0 6
670 0 6
671 0 6
672 0 6
673 0 6
674 0 6
675 0 2
676 0 0
677 0 0
678 0 0
679 0 0
680 0 0
681 0 0
682 0 0
683 0 0
684 0 0
685 0 0
686 0 0
687 0 0
688 0 0
689 0 0
690 0 0
691 0 0
692 0 0
693 0 0
694 0 0
695 0 0
696 0 0
697 0 0
698 0 0
699 0 0
700 0 0
701 0 0
702 0 0
703 0 0
704 0 0
705 0 0
706 0 0
707 0 0
708 0 0
709 0 0
710 0 0
711 0 0
712 0 0
713 0 0
714 0 0
715 0 0
716 0 1
717 0 1
718 0 5
719 0 5
720 0 5
721 0 5
722 0 5
723 0 5
724 0 5
725 0 5
726 0 1
727 0 0
728 0 0
729 0 0
730 0 0
731 0 0
732 0 0
733 0 0
734 0 0
735 0 0
736 0 0
737 0 0
738 0 0
739 0 0
740 0 0
741 0 0
742 0 0
743 0 0
744 0 0
745 0 0
746 0 0
747 0 0
748 0 0
749 0 0
750 0 0
751 0 16
752 0 16
753 0 16
754 0 16
755 0 16
756 0 0
757 0 0
758 0 0
759 0 0
760 0 0
761 0 0
762 0 0
763 0 2
764 0 2
765 0 2
766 0 6
767 0 6
768 0 6
769 0 6
770 0 6
771 0 6
772 0 6
773 0 6
774 0 6
775 0 6
776 0 6
777 0 6
778 0 6
779 0 6
780 0 6
781 0 6
782 0 6
783 0 6
784 0 2
785 0 0
786 0 0
787 0 0
788 0 0
789 0 0
790 0 0
791 0 0
792 0 0
793 0 0
794 0 2
795 0 2
796 0 2
797 0 6
798 0 6
799 0 6
800 0 6
801 0 6
802 0 6
803 0 6
804 0 6
805 0 6
806 0 6
807 0 6
808 0 6
809 0 0
810 0 0
811 0 0
812 0 0
813 0 0
814 0 0
815 0 0
816 0 0
817 0 0
818 0 0
819 0 2
820 0 2
821 0 2
822 0 2
823 0 6
824 0 6
825 0 6
826 0 6
827 0 6
828 0 6
829 0 6
830 0 6
831 0 6
832 0 2
833 0 0
834 0 0
835 0 0
836 0 0
837 0 0
838 0 0
839 0 0
840 0 0
841 0 0
842 0 0
843 0 0
844 0 0
845 0 0
846 0 0
847 0 0
848 0 0
849 0 0
850 0 0
851 0 0
852 0 0
853 0 0
854 0 0
855 0 0
856 0 0
857 0 0
858 0 0
859 0 0
860 0 0
861 0 0
862 0 0
863 0 0
864 0 0
865 0 0
866 0 1
867 0 1
868 0 1
869 0 1
870 0 1
871 0 1
872 0 1
873 0 1
874 0 1
875 0 1
876 0 1
877 0 1
878 0 1
879 0 1
880 0 1
881 0 1
882 0 1
883 0 5
884 0 5
885 0 5
886 0 5
887 0 5
888 0 5
889 0 0
890 0 0
891 0 0
892 0 0
893 0 0
894 0 0
895 0 0
896 0 0
897 0 0
898 0 0
899 0 0
900 0 0
901 0 0
902 0 0
903 0 0
904 0 0
905 0 0
906 0 0
907 0 0
908 0 0
909 0 0
910 0 0
911 0 0
912 0 0
913 0 0
914 0 0
915 0 0
916 0 16
917 0 16
918 0 16
919 0 16
920 0 16
921 0 16
922 0 0
923 0 0
924 0 0
925 0 0
926 0 0
927 0 0
928 0 0
929 0 0
930 0 0
931 0 0
932 0 0
933 0 0
934 0 16
935 0 16
936 0 16
937 0 16
938 0 16
939 0 16
940 0 16
941 0 0
942 0 0
943 0 0
944 0 0
945 0 0
946 0 16
947 0 16
948 0 16
949 0 16
950 0 16
951 0 16
952 0 16
953 0 16
954 0 16
955 0 16
956 0 0
957 0 0
958 0 16
959 0 16
960 0 16
961 0 16
962 0 16
963 0 16
964 0 16
965 0 16
966 0 16
967 0 16
968 0 16
969 0 0
970 0 0
971 0 0
972 0 0
973 0 16
974 0 16
975 0 16
976 0 16
977 0 16
978 0 16
979 0 16
980 0 16
981 0 0
982 0 0
983 0 0
984 0 0
985 0 0
986 0 16
987 0 16
988 0 16
989 0 16
990 0 16
991 0 16
992 0 0
993 0 0
994 0 0
995 0 0
996 0 0
997 0 0
998 0 0
999 0 16
1000 0 16
1001 0 16
1002 0 16
1003 0 16
1004 0 16
1005 0 16
1006 0 16
1007 0 0
1008 0 0
1009 0 0
1010 0 0
1011 0 0
1012 0 0
1013 0 0
1014 0 0
1015 0 16
1016 0 16
1017 0 16
1018 0 16
1019 0 16
1020 0 16
1021 0 0
1022 0 